1.16
0.371
0.352
0.287
0.286
0.308
0.303
0.298
0.308
0.294
0.301
0.31
0.299
0.357
0.301
0.297
0.305
0.285
0.279
0.276
0.291
0.336
0.276
0.276
0.281
0.331
0.283
0.303
0.411
0.356
0.319
0.312
0.291
0.306
0.309
0.304
0.292
0.292
0.29
0.282
0.27
0.284
0.292
0.287
0.293
0.293
0.281
0.288
0.315
0.3
0.291
0.277
0.28
0.283
0.27
0.269
0.261
0.26
0.29
0.307
0.284
0.289
0.297
0.328
0.288
0.27
0.289
0.264
0.289
0.269
0.357
0.333
0.293
0.297
0.302
0.304
0.304
0.29
0.306
0.251
0.273
0.271
0.269
0.272
0.281
0.29
0.328
0.307
0.317
0.277
0.267
0.269
0.275
0.272
0.266
0.258
0.264
0.275
0.263
0.266
0.251
0.273
0.268
0.263
0.258
0.26
0.255
0.266
0.277
0.343
0.306
0.286
0.329
0.265
0.285
0.279
0.277
0.276
0.273
0.259
0.262
0.26
0.25
0.254
0.262
0.249
0.25
0.264
0.265
0.255
0.267
0.257
